conv_time
-0.35639653 -0.32682836 -0.29772687 -0.27131954 -0.27810895 -0.31101057 -0.33175653 -0.27317396 -0.19626923 -0.1551686 -0.20134418 -0.27336603 -0.26582164 -0.262221 -0.2556883 -0.22347869 -0.1567802 -0.043102983 -0.024280427 -0.063728124 -0.10855422 -0.13161887 -0.031041741 0.06410652 0.11758137 0.080388576 -0.037059836 -0.16921405 -0.30557242 -0.41314888 -0.43714923 -0.36739793 -0.26309758 -0.16419137 -0.09893207 -0.11380691 -0.15046781 -0.1434331 -0.13687332 -0.16222763 -0.15167718 -0.1084903 -0.073505774 -0.052721836 -0.08629575 -0.13601913 -0.18153031 -0.21886908 -0.20993175 -0.16358833 -0.12764749 -0.096748725 -0.015351765 0.046605952 0.043835897 -0.01064662 -0.11712768 -0.18059807 -0.1687994 -0.16930467 -0.21517083 -0.3020527 -0.2933414 -0.3086553 -0.3796556 -0.4146148 -0.46287552 -0.4184653 -0.41977972 -0.46997717 -0.5343366 -0.5371859 -0.4675457 -0.40803406 -0.36069372 -0.3807987 -0.34383819 -0.30779532 -0.27998832 -0.27866668 -0.31271365 -0.32842764 -0.32333547 -0.351273 -0.37490302 -0.34525976 -0.30015114 -0.23078443 -0.1598551 -0.07369608 -0.01314213 0.053639486 0.121432856 0.19643982 0.2321059 0.2231401 0.22738719 0.25673914 0.30812898 0.2844671
conv_spat
0.13052621 0.023075767 -0.039114088 -0.070413575 0.07886933 -0.014333361 0.20491663 0.21453711 0.20966446 0.105740644 -0.041452892 0.105330154 0.1948232 0.07388995 0.13870136 -0.012160138 0.088721626 0.13497773 0.069925666 0.13656211 -0.18414953 0.041534893 0.21287286 0.17153315 0.119873255 -0.003993709 0.2593138 0.08968643 0.022572199 -0.03610312 -0.20094977 0.10439988 -0.14839321 -0.088925585 -0.039360404 -0.13177529 0.17351186 0.033442877 0.12752344 0.3390919 0.27578983 0.303565 0.26231432 0.08099921 -0.08768394 -0.093435474 0.154196 0.15881164 -0.08170106 -0.010703437 -0.07512408 0.1975327 0.18764946 0.08009027 0.1394183 0.100970164 0.39471576 0.12759195 0.08984986 0.28449365 0.10594992 0.22233018 0.103642486 0.24503571 0.38428092 0.09433869 -0.071523726 -0.054421667 0.0934034 0.0062701 -0.14266647 0.13536182 0.32423007 0.29012948 0.24518107 -0.02502408 -0.080439605 -0.09277652 0.065212205 0.4294278 0.11047571 0.020297982 -0.0904882 -0.17846712 -0.027847385 0.029145787 0.022253385 0.18660232 0.029943533 0.29217425 0.14186217 0.30392227 0.14456156 0.0420723 0.22826935 0.09367759 -0.020067217 -0.13084914 -0.23635787 -0.06573491
bnorm
conv_nonlin
0.12083482 -0.004898131 -0.07474738 -0.108024895 0.06038282 -0.047522306 0.20789096 0.21914944 0.21344718 0.091829255 -0.07727635 0.09134888 0.19607905 0.054555655 0.13040188 -0.045096874 0.07191257 0.12604424 0.04991641 0.1278984 -0.21918553 0.016691815 0.21720183 0.16882363 0.10836809 -0.035927236 0.27154982 0.07304165 -0.005484402 -0.07148141 -0.23438692 0.090260215 -0.18581975 -0.1271407 -0.075014055 -0.16983116 0.17113921 0.007222049 0.1173208 0.36491096 0.29083106 0.32333523 0.27506122 0.06287534 -0.12587148 -0.13173532 0.14853463 0.15393615 -0.11972976 -0.04346764 -0.11292839 0.19924986 0.18768388 0.06181164 0.13124087 0.08624655 0.43000534 0.11740098 0.073232904 0.3010168 0.09207417 0.22826937 0.089373864 0.25484073 0.41779387 0.078486 -0.109182954 -0.09117466 0.07739147 -0.024277627 -0.180345 0.12649375 0.34751877 0.30761218 0.25501084 -0.059364438 -0.1184293 -0.13106549 0.04440043 0.4706275 0.09737051 -0.008127689 -0.12873542 -0.2139759 -0.062467158 0.0021933354 -0.0058553815 0.18645847 0.0031269044 0.3100051 0.13410085 0.32375333 0.13725984 0.017320719 0.23521975 0.07771234 -0.053892136 -0.16893095 -0.2654631 -0.10312772
pool
0.12083482 -0.004898131 0.06038282 0.06038282 0.20789096 0.21914944 0.21914944 0.21914944 0.21344718 0.091829255 0.19607905 0.19607905 0.19607905 0.13040188 0.13040188 0.12604424 0.12604424 0.1278984 0.1278984 0.1278984 0.21720183 0.21720183 0.21720183 0.16882363 0.27154982 0.27154982 0.27154982 0.07304165 -0.005484402 0.090260215 0.090260215 0.090260215 -0.075014055 -0.075014055 0.17113921 0.17113921 0.17113921 0.36491096 0.36491096 0.36491096 0.32333523 0.32333523 0.27506122 0.06287534 0.14853463 0.15393615 0.15393615 0.15393615 -0.04346764 0.19924986 0.19924986 0.19924986 0.18768388 0.13124087 0.43000534 0.43000534 0.43000534 0.3010168 0.3010168 0.3010168 0.22826937 0.25484073 0.41779387 0.41779387 0.41779387 0.078486 0.07739147 0.07739147 0.07739147 0.12649375 0.34751877 0.34751877 0.34751877 0.30761218 0.25501084 -0.059364438 0.04440043 0.4706275 0.4706275 0.4706275 0.09737051 -0.008127689 -0.062467158 0.0021933354 0.0021933354 0.18645847 0.18645847 0.3100051 0.3100051 0.32375333 0.32375333 0.32375333 0.23521975 0.23521975 0.23521975 0.07771234 -0.053892136 -0.10312772 -0.10312772 -0.015152097
pool_nonlin
0.12083482 -0.004898131 0.06038282 0.06038282 0.20789096 0.21914944 0.21914944 0.21914944 0.21344718 0.091829255 0.19607905 0.19607905 0.19607905 0.13040188 0.13040188 0.12604424 0.12604424 0.1278984 0.1278984 0.1278984 0.21720183 0.21720183 0.21720183 0.16882363 0.27154982 0.27154982 0.27154982 0.07304165 -0.005484402 0.090260215 0.090260215 0.090260215 -0.075014055 -0.075014055 0.17113921 0.17113921 0.17113921 0.36491096 0.36491096 0.36491096 0.32333523 0.32333523 0.27506122 0.06287534 0.14853463 0.15393615 0.15393615 0.15393615 -0.04346764 0.19924986 0.19924986 0.19924986 0.18768388 0.13124087 0.43000534 0.43000534 0.43000534 0.3010168 0.3010168 0.3010168 0.22826937 0.25484073 0.41779387 0.41779387 0.41779387 0.078486 0.07739147 0.07739147 0.07739147 0.12649375 0.34751877 0.34751877 0.34751877 0.30761218 0.25501084 -0.059364438 0.04440043 0.4706275 0.4706275 0.4706275 0.09737051 -0.008127689 -0.062467158 0.0021933354 0.0021933354 0.18645847 0.18645847 0.3100051 0.3100051 0.32375333 0.32375333 0.32375333 0.23521975 0.23521975 0.23521975 0.07771234 -0.053892136 -0.10312772 -0.10312772 -0.015152097
drop_2
conv_2
-0.056772437 -0.068705484 -0.048716623 -0.1733282 0.032458626 0.18008767 -0.0062137856 0.043194033 -0.06866584 0.2541685 0.018577268 -0.09859244 -0.07803885 -0.12398171 -0.14375474 -0.05813931 -0.11509982 -0.20793673 -0.30910048 -0.24408944 -0.18441267 9.922822e-05 -0.1302037 -0.015961785 0.14583102 0.12798946 -0.0021445605 0.10784828 -0.06032699 -0.024366662 0.19863851 0.09891 0.08708246 0.03619282 -0.3788519 -0.49286047 -0.1806262 0.013982514 0.1573503 0.122099616 -0.08479754 0.01814262 -0.13604282 -0.119531564 -0.12781094 -0.051204134 -0.039725352 -0.07693952 -0.11306176 -0.11260061 -0.04354183 -0.1715017 -0.11981756 -0.22971661 -0.00012571641 -0.013065769 -0.03412266 -0.12253563 -0.0030105182 0.03663027 -0.118225686 -0.10618393 -0.07102588 -0.133752 -0.09184005 -0.12789144 0.115277715 -0.014282344 -0.13249604 0.040737715 -0.0147952335 -0.03212177 0.063779175 -0.06925562 -0.17896233 -0.062265165 -0.09229569 -0.23313794 0.14343673 0.13766208 -0.18467866 -0.45033544 -0.5560853 -0.11857517 -0.2916527 -0.13518976 -0.30354765 -0.52688074 -0.38808006 -0.3141809 -0.25098833 0.16300866 0.00796312 -0.13149433 -0.3688618 -0.3159271 0.11584407 0.20327714 -0.021224761 -0.1946296
bnorm_2
nonlin_2
-0.09774035 -0.108819485 -0.0901832 -0.20031208 -0.010409296 0.14238995 -0.04925078 0.0006514862 -0.10878289 0.21909261 -0.02453059 -0.13597447 -0.117390096 -0.1583919 -0.17544681 -0.09901637 -0.15061659 -0.22846025 -0.30518603 -0.25680685 -0.20943749 -0.043015897 -0.16379625 -0.058798432 0.10692092 0.08844792 -0.045236588 0.067593925 -0.10105485 -0.06695354 0.16159734 0.058339305 0.04609318 -0.006575763 -0.35359633 -0.42556864 -0.20633197 -0.029160261 0.118847884 0.082349636 -0.12354493 -0.024969518 -0.16883653 -0.15450513 -0.16172206 -0.092523456 -0.08167374 -0.11638492 -0.14882231 -0.1484158 -0.08529538 -0.1987983 -0.15475547 -0.2456643 -0.04323876 -0.05597198 -0.07633102 -0.15713084 -0.046092212 -0.006125748 -0.15336114 -0.14273924 -0.11095798 -0.16686273 -0.12991261 -0.16179192 0.0752863 -0.057160378 -0.16577864 -0.0018899441 -0.057660878 -0.074415505 0.021965161 -0.10932696 -0.2049635 -0.10285705 -0.130323 -0.24833173 0.10444189 0.09846287 -0.20965517 -0.3997113 -0.46196795 -0.15366745 -0.29252 -0.16810209 -0.30117983 -0.44545037 -0.35974318 -0.30883133 -0.26209658 0.1247065 -0.035192132 -0.16491294 -0.3468755 -0.3100798 0.0758727 0.16640013 -0.063913286 -0.21775633
pool_2
-0.0901832 -0.0901832 -0.010409296 0.14238995 0.14238995 0.14238995 0.0006514862 0.21909261 0.21909261 0.21909261 -0.02453059 -0.117390096 -0.117390096 -0.09901637 -0.09901637 -0.09901637 -0.15061659 -0.22846025 -0.20943749 -0.043015897 -0.043015897 -0.043015897 0.10692092 0.10692092 0.10692092 0.08844792 0.067593925 0.067593925 0.16159734 0.16159734 0.16159734 0.058339305 0.04609318 -0.006575763 -0.20633197 -0.029160261 0.118847884 0.118847884 0.118847884 0.082349636 -0.024969518 -0.024969518 -0.15450513 -0.092523456 -0.08167374 -0.08167374 -0.08167374 -0.11638492 -0.08529538 -0.08529538 -0.08529538 -0.15475547 -0.04323876 -0.04323876 -0.04323876 -0.05597198 -0.046092212 -0.006125748 -0.006125748 -0.006125748 -0.11095798 -0.11095798 -0.11095798 -0.12991261 0.0752863 0.0752863 0.0752863 -0.0018899441 -0.0018899441 -0.0018899441 0.021965161 0.021965161 0.021965161 -0.10285705 -0.10285705 -0.10285705 0.10444189 0.10444189 0.10444189 0.09846287 -0.20965517 -0.15366745 -0.15366745 -0.15366745 -0.16810209 -0.16810209 -0.30117983 -0.30883133 -0.26209658 0.1247065 0.1247065 0.1247065 -0.035192132 -0.16491294 0.0758727 0.16640013 0.16640013 0.16640013 -0.063913286 -0.08837128
pool_nonlin_2
-0.0901832 -0.0901832 -0.010409296 0.14238995 0.14238995 0.14238995 0.0006514862 0.21909261 0.21909261 0.21909261 -0.02453059 -0.117390096 -0.117390096 -0.09901637 -0.09901637 -0.09901637 -0.15061659 -0.22846025 -0.20943749 -0.043015897 -0.043015897 -0.043015897 0.10692092 0.10692092 0.10692092 0.08844792 0.067593925 0.067593925 0.16159734 0.16159734 0.16159734 0.058339305 0.04609318 -0.006575763 -0.20633197 -0.029160261 0.118847884 0.118847884 0.118847884 0.082349636 -0.024969518 -0.024969518 -0.15450513 -0.092523456 -0.08167374 -0.08167374 -0.08167374 -0.11638492 -0.08529538 -0.08529538 -0.08529538 -0.15475547 -0.04323876 -0.04323876 -0.04323876 -0.05597198 -0.046092212 -0.006125748 -0.006125748 -0.006125748 -0.11095798 -0.11095798 -0.11095798 -0.12991261 0.0752863 0.0752863 0.0752863 -0.0018899441 -0.0018899441 -0.0018899441 0.021965161 0.021965161 0.021965161 -0.10285705 -0.10285705 -0.10285705 0.10444189 0.10444189 0.10444189 0.09846287 -0.20965517 -0.15366745 -0.15366745 -0.15366745 -0.16810209 -0.16810209 -0.30117983 -0.30883133 -0.26209658 0.1247065 0.1247065 0.1247065 -0.035192132 -0.16491294 0.0758727 0.16640013 0.16640013 0.16640013 -0.063913286 -0.08837128
drop_3
conv_3
0.1382091 0.12022677 0.133291 0.010109771 0.0723807 0.17194663 0.023013484 0.030113045 -0.06973171 0.07093741 0.21898703 0.1424071 0.11307863 0.21567996 0.24466704 0.17271829 0.0747897 0.09404599 0.1432091 0.01450567 0.034241725 -0.0004718294 -0.02154942 0.112520956 -0.06398297 0.024165487 0.0032054277 0.28374133 0.114818014 0.25043392 0.104597315 0.21276703 0.122862965 0.08188688 0.018470466 0.05018087 0.051971473 0.13511848 0.09774989 0.0634304
bnorm_3
nonlin_3
0.07200184 0.053437583 0.06692458 -0.05846417 0.004043184 0.106831126 -0.04583776 -0.038818717 -0.13295817 0.0025531948 0.15539378 0.07633569 0.046058126 0.15197968 0.18190482 0.10762776 0.006530151 0.026409581 0.07716363 -0.054181635 -0.03471315 -0.06869352 -0.088739574 0.045482405 -0.12779719 -0.04470235 -0.065151334 0.22224358 0.047853798 0.18785831 0.037302352 0.14897251 0.056159087 0.013856992 -0.050302327 -0.018698037 -0.01688236 0.0688112 0.030233338 -0.0051832795
pool_3
0.07200184 0.06692458 0.06692458 0.106831126 0.106831126 0.106831126 -0.038818717 0.0025531948 0.15539378 0.15539378 0.15539378 0.15197968 0.18190482 0.18190482 0.18190482 0.10762776 0.07716363 0.07716363 0.07716363 -0.03471315 -0.03471315 0.045482405 0.045482405 0.045482405 -0.04470235 0.22224358 0.22224358 0.22224358 0.18785831 0.18785831 0.14897251 0.14897251 0.056159087 0.013856992 -0.01688236 0.0688112 0.0688112 0.0688112
pool_nonlin_3
0.07200184 0.06692458 0.06692458 0.106831126 0.106831126 0.106831126 -0.038818717 0.0025531948 0.15539378 0.15539378 0.15539378 0.15197968 0.18190482 0.18190482 0.18190482 0.10762776 0.07716363 0.07716363 0.07716363 -0.03471315 -0.03471315 0.045482405 0.045482405 0.045482405 -0.04470235 0.22224358 0.22224358 0.22224358 0.18785831 0.18785831 0.14897251 0.14897251 0.056159087 0.013856992 -0.01688236 0.0688112 0.0688112 0.0688112
drop_4
conv_4
-0.06403866 -0.058245093 -0.11589594 -0.096154414 -0.032470573 -0.06340725 -0.111540735 -0.033230092 -0.14668782 -0.050725553
bnorm_4
nonlin_4
-0.09149927 -0.08595222 -0.13967514 -0.12164384 -0.060860753 -0.09089637 -0.13572931 -0.061609924 -0.16706342 -0.07870203
pool_4
-0.08595222 -0.08595222 -0.060860753 -0.060860753 -0.060860753 -0.061609924 -0.061609924 -0.061609924
pool_nonlin_4
-0.08595222 -0.08595222 -0.060860753 -0.060860753 -0.060860753 -0.061609924 -0.061609924 -0.061609924
