conv_time
-0.35639653 -0.32682836 -0.29772687 -0.27131954 -0.27810895 -0.31101057 -0.33175653 -0.27317396 -0.19626923 -0.1551686 -0.20134418 -0.27336603 -0.26582164 -0.262221 -0.2556883 -0.22347869 -0.1567802 -0.043102983 -0.024280427 -0.063728124 -0.10855422 -0.13161887 -0.031041741 0.06410652 0.11758137 0.080388576 -0.037059836 -0.16921405 -0.30557242 -0.41314888 -0.43714923 -0.36739793 -0.26309758 -0.16419137 -0.09893207 -0.11380691 -0.15046781 -0.1434331 -0.13687332 -0.16222763 -0.15167718 -0.1084903 -0.073505774 -0.052721836 -0.08629575 -0.13601913 -0.18153031 -0.21886908 -0.20993175 -0.16358833 -0.12764749 -0.096748725 -0.015351765 0.046605952 0.043835897 -0.01064662 -0.11712768 -0.18059807 -0.1687994 -0.16930467 -0.21517083 -0.3020527 -0.2933414 -0.3086553 -0.3796556 -0.4146148 -0.46287552 -0.4184653 -0.41977972 -0.46997717 -0.5343366 -0.5371859 -0.4675457 -0.40803406 -0.36069372 -0.3807987 -0.34383819 -0.30779532 -0.27998832 -0.27866668 -0.31271365 -0.32842764 -0.32333547 -0.351273 -0.37490302 -0.34525976 -0.30015114 -0.23078443 -0.1598551 -0.07369608 -0.01314213 0.053639486 0.121432856 0.19643982 0.2321059 0.2231401 0.22738719 0.25673914 0.30812898 0.2844671
conv_spat
0.13052621 0.18722425 0.16787158 0.023075767 -0.12178183 -0.11950543 -0.039114088 0.1208169 0.061282247 -0.070413575 -0.1214412 -0.044948343 0.07886933 0.061319467 -0.046323612 -0.014333361 0.18453762 0.3055907 0.20491663 0.061953127 0.05478776 0.21453711 0.33198503 0.3670038 0.20966446 0.03357343 0.06976254 0.105740644 0.025265738 -0.05641928 -0.041452892 0.02290419 0.044506744 0.105330154 0.06404069 0.10256159 0.1948232 0.18420054 0.15969953 0.07388995 0.099636294 0.11899241 0.13870136 0.120673425 0.06333392 -0.012160138 0.05462116 0.14527498 0.088721626 -0.051794827 0.009674252 0.13497773 0.15615234 0.1425029 0.069925666 -0.0080571985 0.05172766 0.13656211 0.0813422 -0.08852264 -0.18414953 -0.09736921 -0.01037441 0.041534893 0.02833344 0.055334512 0.21287286 0.35785046 0.40096712 0.17153315 0.14099526 0.17384063 0.119873255 0.01937459 -0.05298497 -0.003993709 0.086222745 0.23319392 0.2593138 0.2019185 0.084643714 0.08968643 0.15584154 0.18876964 0.022572199 -0.09928767 -0.054298215 -0.03610312 -0.07512506 -0.14267914 -0.20094977 -0.008392264 0.14950238 0.10439988 -0.075417295 -0.14312892 -0.14839321 -0.055064492 -0.0013411515 -0.088925585
bnorm
conv_nonlin
0.120898224 0.18725109 0.16460297 -0.0048377514 -0.16001749 -0.15777671 -0.07469267 0.10953555 0.03986302 -0.1079728 -0.15968257 -0.080988884 0.06044492 0.039906576 -0.08246684 -0.047465384 0.18410698 0.32577363 0.20795622 0.04064814 0.032262616 0.21921495 0.3566625 0.3976445 0.21351254 0.007435795 0.049787387 0.09189203 -0.0022839904 -0.09324354 -0.07722181 -0.005037546 0.020230893 0.09141164 0.043091185 0.08817163 0.19614404 0.18371248 0.15503931 0.05461763 0.0847482 0.10740038 0.13046548 0.10936765 0.042264067 -0.045039713 0.03206765 0.1381585 0.07197492 -0.08832294 -0.020323694 0.12610775 0.15088809 0.13491437 0.049978286 -0.04044336 0.028681427 0.12796193 0.06333888 -0.12667847 -0.2191422 -0.13567328 -0.043041945 0.01675298 0.0013035126 0.03290247 0.2172673 0.38693246 0.43739125 0.16888803 0.13314998 0.17158845 0.10843121 -0.009138882 -0.0895918 -0.03586936 0.06905052 0.24104872 0.27161643 0.20444757 0.0672026 0.07310402 0.15052438 0.18905964 -0.0054240227 -0.13761163 -0.09098995 -0.07142639 -0.11287773 -0.18031079 -0.23434472 -0.040819526 0.14310575 0.09032296 -0.113181055 -0.18074214 -0.18577385 -0.09180474 -0.032871783 -0.12709016
pool_0
0.120898224 0.18725109 0.16460297 -0.0048377514 0.10953555 0.03986302 0.06044492 0.10953555 0.03986302 0.06044492 0.18410698 0.32577363 0.20795622 0.18410698 0.32577363 0.21921495 0.3566625 0.3976445 0.21921495 0.3566625 0.3976445 0.21921495 0.3566625 0.3976445 0.21351254 0.007435795 0.049787387 0.09189203 0.043091185 0.08817163 0.19614404 0.18371248 0.15503931 0.19614404 0.18371248 0.15503931 0.19614404 0.18371248 0.15503931 0.13046548 0.10936765 0.1381585 0.13046548 0.10936765 0.1381585 0.12610775 0.15088809 0.1381585 0.12610775 0.15088809 0.13491437 0.12796193 0.15088809 0.13491437 0.12796193 0.06333888 0.028681427 0.12796193 0.06333888 0.03290247 0.2172673 0.38693246 0.43739125 0.2172673 0.38693246 0.43739125 0.2172673 0.38693246 0.43739125 0.16888803 0.13314998 0.24104872 0.27161643 0.20444757 0.24104872 0.27161643 0.20444757 0.24104872 0.27161643 0.20444757 0.18905964 0.07310402 0.15052438 0.18905964 -0.0054240227 -0.040819526 0.14310575 0.09032296 -0.040819526 0.14310575 0.09032296 -0.040819526 0.14310575 0.09032296 -0.09180474 -0.032871783 -0.07495934 -0.037959635 -0.032871783 -0.07495934
pool_nonlin
0.120898224 0.18725109 0.16460297 -0.0048377514 0.10953555 0.03986302 0.06044492 0.10953555 0.03986302 0.06044492 0.18410698 0.32577363 0.20795622 0.18410698 0.32577363 0.21921495 0.3566625 0.3976445 0.21921495 0.3566625 0.3976445 0.21921495 0.3566625 0.3976445 0.21351254 0.007435795 0.049787387 0.09189203 0.043091185 0.08817163 0.19614404 0.18371248 0.15503931 0.19614404 0.18371248 0.15503931 0.19614404 0.18371248 0.15503931 0.13046548 0.10936765 0.1381585 0.13046548 0.10936765 0.1381585 0.12610775 0.15088809 0.1381585 0.12610775 0.15088809 0.13491437 0.12796193 0.15088809 0.13491437 0.12796193 0.06333888 0.028681427 0.12796193 0.06333888 0.03290247 0.2172673 0.38693246 0.43739125 0.2172673 0.38693246 0.43739125 0.2172673 0.38693246 0.43739125 0.16888803 0.13314998 0.24104872 0.27161643 0.20444757 0.24104872 0.27161643 0.20444757 0.24104872 0.27161643 0.20444757 0.18905964 0.07310402 0.15052438 0.18905964 -0.0054240227 -0.040819526 0.14310575 0.09032296 -0.040819526 0.14310575 0.09032296 -0.040819526 0.14310575 0.09032296 -0.09180474 -0.032871783 -0.07495934 -0.037959635 -0.032871783 -0.07495934
drop_2
conv_2
-0.05654243 -0.063539475 -0.014733124 -0.091943264 -0.2736075 -0.1568868 -0.056846235 -0.21688211 -0.13837692 -0.06848827 -0.17813896 -0.15342882 -0.078874536 -0.08111204 -0.14073315 -0.09965897 -0.029848509 -0.109872706 -0.04848454 0.033257958 0.08292199 0.05366288 0.06732054 0.07980284 -0.097765505 -0.019695016 0.0027532384 -0.17309847 -0.17153712 -0.07029854 -0.069511 -0.07932754 -0.10867637 -0.07064214 -0.12596285 -0.066323176 0.03267356 0.11198194 0.09877581 0.0297139 0.124603085 0.14152868 0.11288953 0.22290999 0.22237733 0.18032049 0.22214513 0.19131675 0.1343066 0.098168604 0.1571553 0.08847413 -0.012277584 0.07293477 -0.005993384 -0.066227615 0.046311285 0.06722919 -0.039482214 0.05216436 0.10294593 -0.0042961403 -0.05027908 0.043441534 -0.04269807 -0.01628458 0.025661094 -0.00709325 -0.101298764 -0.041167792 -0.009587446 -0.09965107 -0.068437696 -0.012332207 -0.084070206 -0.006595793 0.15086268 0.12210418 0.13804343 0.19557345 0.23786588 0.25439554 0.3063267 0.32147142 0.17536877 0.15000802 0.18297608 0.0835913 0.028652567 0.028624643 0.018807951 -0.039267275 -0.101882525 -0.056486465 -0.084103055 -0.0692794 -0.042186808 -0.07221125 -0.045836847 -0.098365486
bnorm_2
nonlin_2
-0.088685215 -0.095178664 -0.048901975 -0.12106669 -0.26999623 -0.17750919 -0.0889681 -0.22642505 -0.16180211 -0.099743366 -0.19518071 -0.17459738 -0.10924876 -0.11128336 -0.16381812 -0.12797016 -0.06348145 -0.13702536 -0.08114946 -0.001091063 0.049664598 0.019762032 0.03372005 0.046476852 -0.12628102 -0.053712785 -0.03175217 -0.19102412 -0.1897322 -0.10140741 -0.10068387 -0.1096611 -0.13596964 -0.101722896 -0.1511001 -0.09774917 -0.0016874671 0.07936363 0.06586708 -0.0047025084 0.09226234 0.10956016 0.08029118 0.19273117 0.1921868 0.14920506 0.1919495 0.16044316 0.102179244 0.06524651 0.12553044 0.05533884 -0.046512127 0.039457742 -0.040368736 -0.09766108 0.012248762 0.033626687 -0.07265675 0.018230557 0.0701289 -0.038702726 -0.08283305 0.0093159005 -0.07569951 -0.05040878 -0.008816481 -0.041446805 -0.1294303 -0.074252844 -0.04388708 -0.12796313 -0.099696875 -0.046565354 -0.11396605 -0.04095936 0.11909942 0.08970848 0.10599826 0.16479346 0.20801598 0.22490917 0.27798235 0.29346013 0.14414445 0.11822598 0.15191905 0.05034863 -0.0057815313 -0.005809903 -0.015734315 -0.07245302 -0.12994957 -0.08863306 -0.11399579 -0.10047102 -0.07521641 -0.10316223 -0.07865977 -0.12681663
pool_1
-0.08114946 -0.001091063 0.049664598 0.019762032 0.03372005 0.046476852 -0.0889681 -0.053712785 -0.03175217 -0.08114946 -0.001091063 0.049664598 0.019762032 0.03372005 0.046476852 -0.101722896 -0.053712785 -0.03175217 -0.0016874671 0.07936363 0.06586708 0.019762032 0.09226234 0.10956016 0.08029118 0.19273117 0.1921868 0.14920506 0.1919495 0.16044316 0.102179244 0.09226234 0.12553044 0.08029118 0.19273117 0.1921868 0.14920506 0.1919495 0.16044316 0.102179244 0.09226234 0.12553044 0.08029118 0.19273117 0.1921868 0.14920506 0.1919495 0.16044316 0.102179244 0.06524651 0.12553044 0.0701289 -0.038702726 0.039457742 0.0093159005 -0.046565354 0.012248762 0.033626687 0.11909942 0.08970848 0.10599826 0.16479346 0.20801598 0.22490917 0.27798235 0.29346013 0.14414445 0.11909942 0.15191905 0.10599826 0.16479346 0.20801598 0.22490917 0.27798235 0.29346013 0.14414445 0.11909942 0.15191905 0.10599826 0.16479346 0.20801598 0.22490917 0.27798235 0.29346013 0.14414445 0.11822598 0.15191905 0.05034863 0.015841436 -0.005809903 -0.015734315 -0.018235862 -0.02389735 -0.030482173 -0.061610103 -0.10047102 -0.054436684 0.015841436 -0.07865977 -0.10829055
pool_nonlin_2
-0.08114946 -0.001091063 0.049664598 0.019762032 0.03372005 0.046476852 -0.0889681 -0.053712785 -0.03175217 -0.08114946 -0.001091063 0.049664598 0.019762032 0.03372005 0.046476852 -0.101722896 -0.053712785 -0.03175217 -0.0016874671 0.07936363 0.06586708 0.019762032 0.09226234 0.10956016 0.08029118 0.19273117 0.1921868 0.14920506 0.1919495 0.16044316 0.102179244 0.09226234 0.12553044 0.08029118 0.19273117 0.1921868 0.14920506 0.1919495 0.16044316 0.102179244 0.09226234 0.12553044 0.08029118 0.19273117 0.1921868 0.14920506 0.1919495 0.16044316 0.102179244 0.06524651 0.12553044 0.0701289 -0.038702726 0.039457742 0.0093159005 -0.046565354 0.012248762 0.033626687 0.11909942 0.08970848 0.10599826 0.16479346 0.20801598 0.22490917 0.27798235 0.29346013 0.14414445 0.11909942 0.15191905 0.10599826 0.16479346 0.20801598 0.22490917 0.27798235 0.29346013 0.14414445 0.11909942 0.15191905 0.10599826 0.16479346 0.20801598 0.22490917 0.27798235 0.29346013 0.14414445 0.11822598 0.15191905 0.05034863 0.015841436 -0.005809903 -0.015734315 -0.018235862 -0.02389735 -0.030482173 -0.061610103 -0.10047102 -0.054436684 0.015841436 -0.07865977 -0.10829055
drop_3
conv_3
0.13748781 0.13966346 0.18814006 0.124059394 0.14194153 0.17543988 0.16742276 0.16507372 0.1830473 0.2001807 0.1515262 0.17143685 0.121338025 0.13908473 0.18798012 0.15410641 0.113851935 0.16871932 0.17702536 0.14211074 0.09095791 0.08399155 0.08541366 0.0820117 0.096200064 0.06284137 0.09330225 0.11897403 0.08326138 -0.0144837545 0.0066261105 0.09601209 0.086570464 0.08564654 0.0613022 0.14238432 0.16208452 0.16539954 0.13171034 0.096148305 0.09717281 0.15103307 0.15484853 0.10012674 0.09930818 0.099523954 0.10684434 0.07785289 -0.005537467 0.05767658 0.16140035 0.14152896 0.119255066 0.16079606 0.13217156 0.13790715 0.11899875 0.061891098 0.053148743 0.14201947 0.07681045 0.06087264 0.055431653 0.088655196 0.08601805 0.048584867 0.05520865 0.012110234 0.09551056 0.11395121 0.092701234 0.1694641 0.13259037 0.12344985 0.12620825 0.10242714 0.0709783 0.01623268 0.04438621 0.07371259 0.070238136 0.009169375 0.05823283 0.09501965 0.080500975 0.064156316 0.049250245 0.029258959 0.10928975 0.1050205 0.05936966 0.16292334 0.20125704 0.14520904 0.112256505 0.06542229 0.16942838 0.1387416 0.086645916 0.14908928
bnorm_3
nonlin_3
0.05977703 0.06202706 0.11216093 0.045889534 0.06438301 0.09902657 0.09073537 0.08830602 0.10689405 0.1246132 0.07429535 0.09488668 0.043075122 0.06142854 0.111995526 0.076963775 0.035333112 0.09207625 0.10066626 0.06455799 0.011656404 0.004451886 0.0059226155 0.0024043545 0.017077774 -0.017270505 0.0140808895 0.04063032 0.0036967546 -0.092797875 -0.07277447 0.01688338 0.00711897 0.0061634555 -0.018833518 0.064840935 0.08521462 0.08864298 0.053802036 0.017024249 0.018083781 0.07378537 0.07773126 0.021138698 0.020292148 0.0205153 0.028085954 -0.0018948317 -0.08436537 -0.022505581 0.08450707 0.06395634 0.040920958 0.083882116 0.054279022 0.060210697 0.04065588 -0.018235803 -0.027072132 0.06446361 -0.0029702783 -0.019269347 -0.024772406 0.009274967 0.006547667 -0.031653464 -0.024997294 -0.06750065 0.016364694 0.03543579 0.013459332 0.09284649 0.054712154 0.045259155 0.04811185 0.023517735 -0.00896579 -0.06351656 -0.035849094 -0.006159425 -0.00972414 -0.07033247 -0.021943092 0.015857011 0.00084198266 -0.015933156 -0.030986845 -0.050815284 0.030614957 0.026199758 -0.020792544 0.08608212 0.12572634 0.06776223 0.033683136 -0.014643908 0.09280955 0.061073683 0.007197 0.071775116
pool_2
0.05977703 0.06202706 0.11216093 0.045889534 0.06438301 0.09902657 0.09073537 0.08830602 0.10689405 0.1246132 0.08864298 0.09488668 0.043075122 0.06142854 0.111995526 0.07773126 0.035333112 0.09284649 0.10066626 0.06455799 0.04811185 0.023517735 0.0059226155 0.08450707 0.06395634 0.040920958 0.083882116 0.054279022 0.060210697 0.04065588 0.00084198266 0.01688338 0.06446361 0.0061634555 0.030614957 0.064840935 0.08521462 0.08864298 0.12572634 0.06776223 0.033683136 0.07378537 0.09280955 0.061073683 0.09284649 0.071775116 0.13391697 0.11813823 0.060103796 0.006142728 0.08450707 0.06395634 0.0671095 0.083882116 0.054279022 0.067527674 0.04065588 0.00084198266 -0.0072859526 0.06446361 -0.0029702783 0.041866682 0.026199758 0.009274967 0.08608212 0.12572634 0.06776223 0.033683136 0.016364694 0.09280955 0.061073683 0.09284649 0.071775116 0.13391697 0.11813823 0.060103796 0.03712193 0.07328599 0.08052858 0.08911788 0.065125756 0.094729505 0.067527674 0.056816168 0.03779637 0.03925684 0.08148254 0.13850641 0.1665808 0.15408182 0.120382376 0.13691714 0.14555955 0.06776223 0.08818456 0.13489956 0.09334094 0.11804206 0.16931242 0.071775116
pool_nonlin_3
0.05977703 0.06202706 0.11216093 0.045889534 0.06438301 0.09902657 0.09073537 0.08830602 0.10689405 0.1246132 0.08864298 0.09488668 0.043075122 0.06142854 0.111995526 0.07773126 0.035333112 0.09284649 0.10066626 0.06455799 0.04811185 0.023517735 0.0059226155 0.08450707 0.06395634 0.040920958 0.083882116 0.054279022 0.060210697 0.04065588 0.00084198266 0.01688338 0.06446361 0.0061634555 0.030614957 0.064840935 0.08521462 0.08864298 0.12572634 0.06776223 0.033683136 0.07378537 0.09280955 0.061073683 0.09284649 0.071775116 0.13391697 0.11813823 0.060103796 0.006142728 0.08450707 0.06395634 0.0671095 0.083882116 0.054279022 0.067527674 0.04065588 0.00084198266 -0.0072859526 0.06446361 -0.0029702783 0.041866682 0.026199758 0.009274967 0.08608212 0.12572634 0.06776223 0.033683136 0.016364694 0.09280955 0.061073683 0.09284649 0.071775116 0.13391697 0.11813823 0.060103796 0.03712193 0.07328599 0.08052858 0.08911788 0.065125756 0.094729505 0.067527674 0.056816168 0.03779637 0.03925684 0.08148254 0.13850641 0.1665808 0.15408182 0.120382376 0.13691714 0.14555955 0.06776223 0.08818456 0.13489956 0.09334094 0.11804206 0.16931242 0.071775116
drop_4
conv_4
-0.06964164 -0.08431855 -0.11355361 -0.10829457 -0.011835565 -0.037214722 -0.09161083 -0.05860007 -0.07707764 -0.077036485 -0.07793496 -0.08652886 -0.10916688 -0.049954463 -0.057080813 -0.067343295 -0.060744412 -0.06182585 -0.029164877 -0.029735848 -0.03619023 -0.069976956 -0.071582414 -0.06849144 -0.06391026 -0.10820163 -0.061756223 -0.0055538476 -0.066939436 -0.060466703 -0.03537576 0.0074178316 0.043429784 0.019228062 -0.024280118 -0.038762808 -0.0145342285 -0.030198466 -0.044263266 -0.07171232 -0.025504151 0.0029456974 -0.013239839 0.018599963 0.011231277 -0.01778511 0.016832685 -0.062046304 -0.100089185 -0.06311351 -0.050819896 -0.07040509 -0.08422687 0.009810833 -0.005509458 -0.097402446 -0.07293979 -0.07087566 -0.035688646 0.004797299 -0.011341335 -0.04591108 -0.013377135 0.010725531 -0.018863479 -0.014994353 0.020000588 -0.0057745017 0.018573213 0.015233799 0.06447077 0.038317565 0.017387837 0.018781912 -0.0032861158 -0.056908265 -0.061471824 -0.05349006 -0.07125052 -0.07136291 -0.035020325 -0.06405607 -0.079232566 -0.09259995 -0.108677335 -0.07338994 -0.043255817 -0.06269737 -0.07259378 -0.04501858 -0.036641277 -0.09366544 -0.08905358 -0.05089076 -0.048165835 -0.06187096 -0.023298942 0.016834654 -0.005990735 0.0008175339
bnorm_4
nonlin_4
-0.06343061 -0.07749474 -0.104883075 -0.10001689 -0.005921304 -0.031592667 -0.08440387 -0.052708864 -0.07058275 -0.07054329 -0.0714038 -0.07959437 -0.100825906 -0.044228077 -0.051224053 -0.061208904 -0.05480063 -0.055853844 -0.023522735 -0.024097323 -0.030569315 -0.06375432 -0.06530261 -0.062319398 -0.05788046 -0.099930644 -0.055786073 0.0005369936 -0.060817957 -0.054530025 -0.029754996 0.013909609 0.05103464 0.026084878 -0.018593073 -0.033136964 -0.008683026 -0.024562657 -0.03860402 -0.06542778 -0.019830704 0.0092992475 -0.007359326 0.025437362 0.017840922 -0.011999726 0.02361546 -0.05606842 -0.09237164 -0.057106316 -0.045080423 -0.06416744 -0.07740754 0.016376574 0.0005827551 -0.08985424 -0.06660962 -0.06462133 -0.03006792 0.01120808 -0.0054146647 -0.040235758 -0.007499814 0.017319545 -0.013097465 -0.009153128 0.026881281 0.00030951947 0.025409788 0.021967158 0.072725974 0.04576441 0.024187773 0.025624938 0.0028748177 -0.051055253 -0.05550921 -0.047705412 -0.06498271 -0.06509107 -0.029399395 -0.05802208 -0.07264519 -0.08533698 -0.10037196 -0.06704265 -0.037604988 -0.05670172 -0.06627661 -0.039352298 -0.031019986 -0.08634114 -0.081986904 -0.04515016 -0.042464077 -0.055897772 -0.01759988 0.023617491 8.6602755e-05 0.0071053053
pool_3
-0.05802208 -0.07264519 -0.08533698 -0.10001689 -0.005921304 -0.031592667 -0.05670172 -0.052708864 -0.039352298 -0.031019986 -0.0714038 -0.07959437 -0.04515016 -0.042464077 -0.051224053 -0.01759988 0.023617491 8.6602755e-05 0.0071053053 0.034459133 -0.0067675114 -0.019881666 0.020999819 -0.021568298 -0.019549489 -0.024984062 -0.0116971135 0.0005369936 -0.056116283 -0.054530025 -0.029754996 0.013909609 0.05103464 0.026084878 -0.018593073 -0.033136964 -0.008683026 -0.024562657 -0.03860402 -0.06542778 -0.019830704 0.0092992475 -0.007359326 0.025437362 0.017840922 -0.011999726 0.02361546 -0.05606842 -0.08284682 -0.057106316 -0.045080423 -0.06416744 -0.07740754 0.016376574 0.0005827551 -0.033612967 -0.031324267 -0.06462133 -0.016912699 0.01120808 -0.0054146647 -0.030284166 -0.007499814 0.017319545 -0.013097465 -0.009153128 0.026881281 0.00030951947 0.025409788 0.021967158 0.072725974 0.04576441 0.024187773 0.025624938 0.0028748177 -0.051055253 -0.05550921 -0.047705412 -0.06498271 -0.046351254 -0.029399395 -0.05802208 -0.017369092 -0.019470274 -0.027464211 0.030127019 -0.010471225 -0.04232812 -0.06627661 -0.022344768 -0.0059787035 -0.054470837 -0.02263397 -0.014868021 -0.0028069615 0.0068103224 -0.01759988 0.023617491 8.6602755e-05 0.0071053053
pool_nonlin_4
-0.05802208 -0.07264519 -0.08533698 -0.10001689 -0.005921304 -0.031592667 -0.05670172 -0.052708864 -0.039352298 -0.031019986 -0.0714038 -0.07959437 -0.04515016 -0.042464077 -0.051224053 -0.01759988 0.023617491 8.6602755e-05 0.0071053053 0.034459133 -0.0067675114 -0.019881666 0.020999819 -0.021568298 -0.019549489 -0.024984062 -0.0116971135 0.0005369936 -0.056116283 -0.054530025 -0.029754996 0.013909609 0.05103464 0.026084878 -0.018593073 -0.033136964 -0.008683026 -0.024562657 -0.03860402 -0.06542778 -0.019830704 0.0092992475 -0.007359326 0.025437362 0.017840922 -0.011999726 0.02361546 -0.05606842 -0.08284682 -0.057106316 -0.045080423 -0.06416744 -0.07740754 0.016376574 0.0005827551 -0.033612967 -0.031324267 -0.06462133 -0.016912699 0.01120808 -0.0054146647 -0.030284166 -0.007499814 0.017319545 -0.013097465 -0.009153128 0.026881281 0.00030951947 0.025409788 0.021967158 0.072725974 0.04576441 0.024187773 0.025624938 0.0028748177 -0.051055253 -0.05550921 -0.047705412 -0.06498271 -0.046351254 -0.029399395 -0.05802208 -0.017369092 -0.019470274 -0.027464211 0.030127019 -0.010471225 -0.04232812 -0.06627661 -0.022344768 -0.0059787035 -0.054470837 -0.02263397 -0.014868021 -0.0028069615 0.0068103224 -0.01759988 0.023617491 8.6602755e-05 0.0071053053
