conv_time
-0.35639653 -0.32682836 -0.29772687 -0.27131954 -0.27810895 -0.31101057 -0.33175653 -0.27317396 -0.19626923 -0.1551686 -0.20134418 -0.27336603 -0.26582164 -0.262221 -0.2556883 -0.22347869 -0.1567802 -0.043102983 -0.024280427 -0.063728124 -0.10855422 -0.13161887 -0.031041741 0.06410652 0.11758137 0.080388576 -0.037059836 -0.16921405 -0.30557242 -0.41314888 -0.43714923 -0.36739793 -0.26309758 -0.16419137 -0.09893207 -0.11380691 -0.15046781 -0.1434331 -0.13687332 -0.16222763 -0.15167718 -0.1084903 -0.073505774 -0.052721836 -0.08629575 -0.13601913 -0.18153031 -0.21886908 -0.20993175 -0.16358833 -0.12764749 -0.096748725 -0.015351765 0.046605952 0.043835897 -0.01064662 -0.11712768 -0.18059807 -0.1687994 -0.16930467 -0.21517083 -0.3020527 -0.2933414 -0.3086553 -0.3796556 -0.4146148 -0.46287552 -0.4184653 -0.41977972 -0.46997717 -0.5343366 -0.5371859 -0.4675457 -0.40803406 -0.36069372 -0.3807987 -0.34383819 -0.30779532 -0.27998832 -0.27866668 -0.31271365 -0.32842764 -0.32333547 -0.351273 -0.37490302 -0.34525976 -0.30015114 -0.23078443 -0.1598551 -0.07369608 -0.01314213 0.053639486 0.121432856 0.19643982 0.2321059 0.2231401 0.22738719 0.25673914 0.30812898 0.2844671
conv_spat
0.13052621 0.18722425 0.16787158 0.023075767 -0.12178183 -0.11950543 -0.039114088 0.1208169 0.061282247 -0.070413575 -0.1214412 -0.044948343 0.07886933 0.061319467 -0.046323612 -0.014333361 0.18453762 0.3055907 0.20491663 0.061953127 0.05478776 0.21453711 0.33198503 0.3670038 0.20966446 0.03357343 0.06976254 0.105740644 0.025265738 -0.05641928 -0.041452892 0.02290419 0.044506744 0.105330154 0.06404069 0.10256159 0.1948232 0.18420054 0.15969953 0.07388995 0.099636294 0.11899241 0.13870136 0.120673425 0.06333392 -0.012160138 0.05462116 0.14527498 0.088721626 -0.051794827 0.009674252 0.13497773 0.15615234 0.1425029 0.069925666 -0.0080571985 0.05172766 0.13656211 0.0813422 -0.08852264 -0.18414953 -0.09736921 -0.01037441 0.041534893 0.02833344 0.055334512 0.21287286 0.35785046 0.40096712 0.17153315 0.14099526 0.17384063 0.119873255 0.01937459 -0.05298497 -0.003993709 0.086222745 0.23319392 0.2593138 0.2019185 0.084643714 0.08968643 0.15584154 0.18876964 0.022572199 -0.09928767 -0.054298215 -0.03610312 -0.07512506 -0.14267914 -0.20094977 -0.008392264 0.14950238 0.10439988 -0.075417295 -0.14312892 -0.14839321 -0.055064492 -0.0013411515 -0.088925585
bnorm
conv_nonlin
0.120898224 0.18725109 0.16460297 -0.0048377514 -0.16001749 -0.15777671 -0.07469267 0.10953555 0.03986302 -0.1079728 -0.15968257 -0.080988884 0.06044492 0.039906576 -0.08246684 -0.047465384 0.18410698 0.32577363 0.20795622 0.04064814 0.032262616 0.21921495 0.3566625 0.3976445 0.21351254 0.007435795 0.049787387 0.09189203 -0.0022839904 -0.09324354 -0.07722181 -0.005037546 0.020230893 0.09141164 0.043091185 0.08817163 0.19614404 0.18371248 0.15503931 0.05461763 0.0847482 0.10740038 0.13046548 0.10936765 0.042264067 -0.045039713 0.03206765 0.1381585 0.07197492 -0.08832294 -0.020323694 0.12610775 0.15088809 0.13491437 0.049978286 -0.04044336 0.028681427 0.12796193 0.06333888 -0.12667847 -0.2191422 -0.13567328 -0.043041945 0.01675298 0.0013035126 0.03290247 0.2172673 0.38693246 0.43739125 0.16888803 0.13314998 0.17158845 0.10843121 -0.009138882 -0.0895918 -0.03586936 0.06905052 0.24104872 0.27161643 0.20444757 0.0672026 0.07310402 0.15052438 0.18905964 -0.0054240227 -0.13761163 -0.09098995 -0.07142639 -0.11287773 -0.18031079 -0.23434472 -0.040819526 0.14310575 0.09032296 -0.113181055 -0.18074214 -0.18577385 -0.09180474 -0.032871783 -0.12709016
pool_0
0.18725109 0.18725109 0.16460297 -0.0048377514 -0.07469267 0.10953555 0.10953555 0.10953555 0.03986302 -0.080988884 0.06044492 0.06044492 0.06044492 0.039906576 0.18410698 0.32577363 0.32577363 0.32577363 0.20795622 0.21921495 0.3566625 0.3976445 0.3976445 0.3976445 0.21351254 0.09189203 0.09189203 0.09189203 -0.0022839904 -0.005037546 0.020230893 0.09141164 0.09141164 0.09141164 0.19614404 0.19614404 0.19614404 0.18371248 0.15503931 0.10740038 0.13046548 0.13046548 0.13046548 0.10936765 0.042264067 0.1381585 0.1381585 0.1381585 0.07197492 0.12610775 0.15088809 0.15088809 0.15088809 0.13491437 0.049978286 0.12796193 0.12796193 0.12796193 0.06333888 -0.12667847 -0.043041945 0.01675298 0.01675298 0.03290247 0.2172673 0.38693246 0.43739125 0.43739125 0.43739125 0.17158845 0.17158845 0.17158845 0.10843121 -0.009138882 0.06905052 0.24104872 0.27161643 0.27161643 0.27161643 0.20444757 0.15052438 0.18905964 0.18905964 0.18905964 -0.0054240227 -0.07142639 -0.07142639 -0.07142639 -0.11287773 -0.040819526 0.14310575 0.14310575 0.14310575 0.09032296 -0.113181055 -0.09180474 -0.032871783 -0.032871783 -0.032871783 -0.12709016
pool_nonlin
0.18725109 0.18725109 0.16460297 -0.0048377514 -0.07469267 0.10953555 0.10953555 0.10953555 0.03986302 -0.080988884 0.06044492 0.06044492 0.06044492 0.039906576 0.18410698 0.32577363 0.32577363 0.32577363 0.20795622 0.21921495 0.3566625 0.3976445 0.3976445 0.3976445 0.21351254 0.09189203 0.09189203 0.09189203 -0.0022839904 -0.005037546 0.020230893 0.09141164 0.09141164 0.09141164 0.19614404 0.19614404 0.19614404 0.18371248 0.15503931 0.10740038 0.13046548 0.13046548 0.13046548 0.10936765 0.042264067 0.1381585 0.1381585 0.1381585 0.07197492 0.12610775 0.15088809 0.15088809 0.15088809 0.13491437 0.049978286 0.12796193 0.12796193 0.12796193 0.06333888 -0.12667847 -0.043041945 0.01675298 0.01675298 0.03290247 0.2172673 0.38693246 0.43739125 0.43739125 0.43739125 0.17158845 0.17158845 0.17158845 0.10843121 -0.009138882 0.06905052 0.24104872 0.27161643 0.27161643 0.27161643 0.20444757 0.15052438 0.18905964 0.18905964 0.18905964 -0.0054240227 -0.07142639 -0.07142639 -0.07142639 -0.11287773 -0.040819526 0.14310575 0.14310575 0.14310575 0.09032296 -0.113181055 -0.09180474 -0.032871783 -0.032871783 -0.032871783 -0.12709016
drop_2
conv_2
0.18303959 0.13221268 -0.017064096 -0.16560572 -0.19965898 -0.22575697 -0.10044425 -0.1631908 -0.28952405 -0.18135603 -0.16672406 -0.07964338 -0.05308074 -0.11396307 -0.104075685 -0.12726893 -0.14603145 -0.17296365 -0.18490566 -0.0028859004 0.09090141 0.08610906 0.0438276 -0.042776685 -0.018985713 -0.03547068 0.00974163 -0.0010704562 -0.16120979 -0.10833979 -0.15621513 -0.19416024 -0.12704504 -0.12807366 -0.1196394 -0.1572372 -0.05122768 -0.038552597 -0.0526568 0.024534144 0.07582987 0.1896047 0.12680358 0.09075081 0.16216232 0.17190929 0.20697564 0.15539873 0.16883095 0.20579724 0.20590608 0.21215393 0.06424017 -0.031410202 -0.050017584 -0.09112067 -0.030905588 0.013570691 -0.070002995 0.028944435 0.0840355 0.13619967 0.08941346 0.08346157 0.051099665 0.033163596 0.0032449488 0.032969814 -0.042817846 -0.09270823 0.00029687953 0.0024194412 0.00022015181 -0.051053166 -0.009139601 -0.039082102 -0.0052586524 -0.021576261 -0.0003014849 0.042200394 0.1428675 0.21167965 0.24727249 0.3205717 0.3513706 0.30804154 0.19420902 0.120005764 -0.01573574 -0.01970789 0.02698023 0.026170649 -0.022611024 -0.04094129 -0.0037435384 -0.025962565 -0.040059876 -0.1301303 -0.17658463 -0.13262178
bnorm_2
nonlin_2
0.15198396 0.10003929 -0.051164985 -0.18480563 -0.21268809 -0.23340964 -0.12866974 -0.18279117 -0.28177488 -0.19782245 -0.18573678 -0.1099484 -0.08545542 -0.14062536 -0.13189751 -0.15223241 -0.16833365 -0.19091266 -0.20072722 -0.037316263 0.057819504 0.052921753 0.009710457 -0.075773776 -0.053026557 -0.06884706 -0.024812102 -0.03552848 -0.181135 -0.13567233 -0.17694443 -0.20825124 -0.15203846 -0.15292937 -0.14559627 -0.1778037 -0.08372182 -0.07177532 -0.08505911 -0.009957373 0.042416517 0.15869345 0.094511226 0.05766559 0.13064757 0.14060889 0.17644641 0.123735234 0.13746284 0.1752421 0.17535332 0.18173857 0.030571934 -0.06497496 -0.08258796 -0.12032747 -0.06449264 -0.020988464 -0.10113597 -0.0054849386 0.0508026 0.10411395 0.056298826 0.050216045 0.017142449 -0.0011873841 -0.031265497 -0.0013851523 -0.07581264 -0.12175357 -0.034179807 -0.03208244 -0.034255505 -0.08355838 -0.0434494 -0.07227743 -0.039647877 -0.05553037 -0.03477025 0.008047465 0.11092843 0.18125387 0.21762945 0.2925406 0.32401684 0.2797349 0.16339903 0.08756392 -0.049875975 -0.053725243 -0.00747931 -0.008300185 -0.056528628 -0.074038506 -0.038159728 -0.05975473 -0.07320404 -0.15470797 -0.19390124 -0.15685755
pool_1
0.15198396 0.10003929 -0.051164985 -0.18480563 -0.12866974 -0.12866974 -0.12866974 -0.18279117 -0.18573678 -0.1099484 -0.08545542 -0.08545542 -0.08545542 -0.13189751 -0.13189751 -0.15223241 -0.16833365 -0.037316263 0.057819504 0.057819504 0.057819504 0.052921753 0.009710457 -0.053026557 -0.024812102 -0.024812102 -0.024812102 -0.03552848 -0.13567233 -0.13567233 -0.15203846 -0.15203846 -0.14559627 -0.14559627 -0.08372182 -0.07177532 -0.07177532 -0.009957373 0.042416517 0.15869345 0.15869345 0.15869345 0.13064757 0.14060889 0.17644641 0.17644641 0.17644641 0.1752421 0.17535332 0.18173857 0.18173857 0.18173857 0.030571934 -0.06497496 -0.06449264 -0.020988464 -0.020988464 -0.0054849386 0.0508026 0.10411395 0.10411395 0.10411395 0.056298826 0.050216045 0.017142449 -0.0011873841 -0.0013851523 -0.0013851523 -0.034179807 -0.03208244 -0.03208244 -0.03208244 -0.034255505 -0.0434494 -0.039647877 -0.039647877 -0.03477025 0.008047465 0.11092843 0.18125387 0.21762945 0.2925406 0.32401684 0.32401684 0.32401684 0.2797349 0.16339903 0.08756392 -0.00747931 -0.00747931 -0.00747931 -0.008300185 -0.038159728 -0.038159728 -0.038159728 -0.05975473 -0.07320404 -0.15470797 -0.07147241 -0.020025969
pool_nonlin_2
0.15198396 0.10003929 -0.051164985 -0.18480563 -0.12866974 -0.12866974 -0.12866974 -0.18279117 -0.18573678 -0.1099484 -0.08545542 -0.08545542 -0.08545542 -0.13189751 -0.13189751 -0.15223241 -0.16833365 -0.037316263 0.057819504 0.057819504 0.057819504 0.052921753 0.009710457 -0.053026557 -0.024812102 -0.024812102 -0.024812102 -0.03552848 -0.13567233 -0.13567233 -0.15203846 -0.15203846 -0.14559627 -0.14559627 -0.08372182 -0.07177532 -0.07177532 -0.009957373 0.042416517 0.15869345 0.15869345 0.15869345 0.13064757 0.14060889 0.17644641 0.17644641 0.17644641 0.1752421 0.17535332 0.18173857 0.18173857 0.18173857 0.030571934 -0.06497496 -0.06449264 -0.020988464 -0.020988464 -0.0054849386 0.0508026 0.10411395 0.10411395 0.10411395 0.056298826 0.050216045 0.017142449 -0.0011873841 -0.0013851523 -0.0013851523 -0.034179807 -0.03208244 -0.03208244 -0.03208244 -0.034255505 -0.0434494 -0.039647877 -0.039647877 -0.03477025 0.008047465 0.11092843 0.18125387 0.21762945 0.2925406 0.32401684 0.32401684 0.32401684 0.2797349 0.16339903 0.08756392 -0.00747931 -0.00747931 -0.00747931 -0.008300185 -0.038159728 -0.038159728 -0.038159728 -0.05975473 -0.07320404 -0.15470797 -0.07147241 -0.020025969
drop_3
conv_3
0.07859104 0.070026584 0.07593877 0.08363906 0.09208835 0.119527265 0.10947551 0.09176019 0.055555224 0.053747866 0.059293002 0.059780266 0.102293015 0.016603142 0.034394808 0.07616878 0.13437136 0.18815857 0.20972161 0.14808984 0.14886437 0.045877803 0.08626469 0.090239786 0.08249417 0.040965468 0.044941284 0.05970361 0.044958267 0.06582816 0.06407315 0.04107832 0.05806142 0.10504708 0.099000774 0.14057177 0.13522977 0.1511209 0.13318563 0.08054147 0.10998078 0.06406919 0.053345516 -0.008595079 -0.0029125235 0.014670742 0.022202894 0.07719305 0.022832904 -0.028864019 0.005274994 0.049014695 0.02879101 0.043883547 0.07251838 0.116310604 0.102327146 0.15033787 0.14883532 0.18688993 0.18160762 0.1639883 0.11654623 0.024990223 0.003752074 -0.043172885 -0.06768867 -0.029391093 -0.004446868 0.043070197 0.10953043 0.14069116 0.20480214 0.20378117 0.16475597 0.1318565 0.121931255 0.12031596 0.08305144 0.020767024 -0.0011776334 -0.034318294 -0.08129817 -0.07070449 -0.047478925 -0.013519597 0.05982785 0.07917084 0.044393577 0.067797005 0.049705572 0.069732144 0.074213125 0.061175633 0.046121158 0.01421175 0.0053741606 0.060746506 0.09615922 0.12580262
bnorm_3
nonlin_3
-0.0011326075 -0.009940743 -0.003868699 0.0040873513 0.012825489 0.041202463 0.03080707 0.012486115 -0.024647772 -0.026469111 -0.02087015 -0.020376623 0.023379028 -0.06315774 -0.045760334 -0.003631711 0.056554027 0.11218008 0.1344803 0.07074151 0.071542524 -0.034360647 0.006802745 0.01091373 0.0029033124 -0.03925395 -0.035295427 -0.020454288 -0.0352785 -0.014230251 -0.016017795 -0.039141774 -0.022116482 0.026227243 0.019974232 0.06296643 0.057441793 0.073876195 0.055327766 0.0008838549 0.03132961 -0.016021848 -0.026874125 -0.08725619 -0.08187634 -0.06502807 -0.05771655 -0.0025756955 -0.057102382 -0.10618985 -0.0740692 -0.03122288 -0.051274538 -0.03635019 -0.0073860884 0.03787584 0.023414321 0.073066406 0.07151247 0.11086806 0.10540516 0.0871835 0.038119517 -0.05499637 -0.07552636 -0.11931908 -0.14136714 -0.106676936 -0.08333206 -0.037160397 0.030863866 0.0630899 0.12939265 0.12833676 0.0879774 0.053953208 0.043688647 0.042018123 0.0034796447 -0.059114754 -0.080227554 -0.11121738 -0.15336752 -0.14404094 -0.123232305 -0.09189284 -0.020328403 -0.00053346157 -0.035841763 -0.012221038 -0.030530453 -0.010242164 -0.005644858 -0.018961966 -0.03411758 -0.06547183 -0.07397419 -0.019397259 0.017035536 0.04769235
pool_2
-0.0011326075 0.0040873513 0.012825489 0.041202463 0.041202463 0.041202463 0.03080707 0.012486115 -0.02087015 -0.020376623 0.023379028 0.023379028 0.023379028 -0.003631711 0.056554027 0.11218008 0.1344803 0.1344803 0.1344803 0.071542524 0.071542524 0.01091373 0.01091373 0.01091373 0.0029033124 -0.020454288 -0.020454288 -0.014230251 -0.014230251 -0.014230251 -0.016017795 0.026227243 0.026227243 0.06296643 0.06296643 0.073876195 0.073876195 0.073876195 0.055327766 0.03132961 0.03132961 -0.016021848 -0.026874125 -0.06502807 -0.05771655 -0.0025756955 -0.0025756955 -0.0025756955 -0.057102382 -0.03122288 -0.03122288 -0.03122288 -0.0073860884 0.03787584 0.03787584 0.073066406 0.073066406 0.11086806 0.11086806 0.11086806 0.10540516 0.0871835 0.038119517 -0.05499637 -0.07552636 -0.106676936 -0.08333206 -0.037160397 0.030863866 0.0630899 0.12939265 0.12939265 0.12939265 0.12833676 0.0879774 0.053953208 0.043688647 0.042018123 0.0034796447 -0.059114754 -0.080227554 -0.11121738 -0.123232305 -0.09189284 -0.020328403 -0.00053346157 -0.00053346157 -0.00053346157 -0.012221038 -0.010242164 -0.005644858 -0.005644858 -0.005644858 -0.018961966 -0.03411758 -0.019397259 0.017035536 0.04769235 0.14269808 0.14269808
pool_nonlin_3
-0.0011326075 0.0040873513 0.012825489 0.041202463 0.041202463 0.041202463 0.03080707 0.012486115 -0.02087015 -0.020376623 0.023379028 0.023379028 0.023379028 -0.003631711 0.056554027 0.11218008 0.1344803 0.1344803 0.1344803 0.071542524 0.071542524 0.01091373 0.01091373 0.01091373 0.0029033124 -0.020454288 -0.020454288 -0.014230251 -0.014230251 -0.014230251 -0.016017795 0.026227243 0.026227243 0.06296643 0.06296643 0.073876195 0.073876195 0.073876195 0.055327766 0.03132961 0.03132961 -0.016021848 -0.026874125 -0.06502807 -0.05771655 -0.0025756955 -0.0025756955 -0.0025756955 -0.057102382 -0.03122288 -0.03122288 -0.03122288 -0.0073860884 0.03787584 0.03787584 0.073066406 0.073066406 0.11086806 0.11086806 0.11086806 0.10540516 0.0871835 0.038119517 -0.05499637 -0.07552636 -0.106676936 -0.08333206 -0.037160397 0.030863866 0.0630899 0.12939265 0.12939265 0.12939265 0.12833676 0.0879774 0.053953208 0.043688647 0.042018123 0.0034796447 -0.059114754 -0.080227554 -0.11121738 -0.123232305 -0.09189284 -0.020328403 -0.00053346157 -0.00053346157 -0.00053346157 -0.012221038 -0.010242164 -0.005644858 -0.005644858 -0.005644858 -0.018961966 -0.03411758 -0.019397259 0.017035536 0.04769235 0.14269808 0.14269808
drop_4
conv_4
-0.13408165 -0.1158191 -0.08054308 -0.05035838 -0.037720546 -0.04182348 -0.084697075 -0.083828285 -0.08629217 -0.06752058 -0.05623823 -0.08121072 -0.11598116 -0.121073395 -0.09783796 -0.111192726 -0.114266016 -0.07920939 -0.08567147 -0.07124623 -0.11212672 -0.11275054 -0.10644168 -0.06837878 -0.03601293 0.0074791494 0.019862495 0.021704705 0.008630276 -0.06355263 -0.099305235 -0.11796923 -0.08873478 -0.06997591 -0.07077093 -0.0414727 -0.03885117 -0.040201284 -0.07754053 -0.099542305 -0.093402505 -0.10888724 -0.11372394 -0.10778777 -0.11314617 -0.13929336 -0.121086605 -0.08982835 -0.11074348 -0.086460546 -0.06454729 -0.054840263 -0.048638184 -0.03982609 -0.06786036 -0.079443 -0.11945781 -0.13938609 -0.16351153 -0.15653357 -0.16126867 -0.13219832 -0.13051103 -0.11563221 -0.11061436 -0.11075198 -0.09800798 -0.10490475 -0.087021545 -0.0321342 -0.018602772 -0.040869273 -0.030131467 -0.036221094 -0.039223347 -0.079284266 -0.06844258 -0.07682287 -0.115050495 -0.16306342 -0.17994289 -0.16676374 -0.13053532 -0.06626438 -0.029505245 -0.044836428 -0.048015933 -0.04996272 -0.019208197 -0.010523496 -0.0054770885 -0.008613245 0.0065280125 0.02127445 0.04151731 0.037424073 0.01788278 0.028580071 0.019615835 -0.017768705
bnorm_4
nonlin_4
-0.12362695 -0.106971145 -0.07389718 -0.044625998 -0.03209752 -0.03618288 -0.07785463 -0.077028394 -0.07936978 -0.061380446 -0.05039954 -0.074534416 -0.107120335 -0.111795366 -0.09026277 -0.10270178 -0.105540216 -0.072623014 -0.07878053 -0.0649786 -0.103565335 -0.10414165 -0.098296165 -0.0622105 -0.03039211 0.013972823 0.02673892 0.028638069 0.015159528 -0.057533085 -0.09163785 -0.10894847 -0.081685126 -0.06375331 -0.0645203 -0.035834253 -0.033225 -0.03456968 -0.07102615 -0.09185982 -0.086093426 -0.100566626 -0.10504019 -0.09954655 -0.10450697 -0.1283229 -0.111807466 -0.0827198 -0.10228616 -0.07952958 -0.05849898 -0.049030006 -0.042930245 -0.034196198 -0.061709166 -0.07284635 -0.11031479 -0.12840623 -0.1498164 -0.14367843 -0.14784837 -0.121923804 -0.120395064 -0.106799066 -0.10216665 -0.10229397 -0.09042221 -0.09686631 -0.08006179 -0.026507258 -0.012832224 -0.035234272 -0.024495304 -0.03060019 -0.03359586 -0.0726946 -0.06227219 -0.07033861 -0.10626328 -0.14942354 -0.1640966 -0.15266204 -0.12041712 -0.060164094 -0.023865342 -0.039171875 -0.04231614 -0.044236243 -0.013448119 -0.0045757294 0.0006161253 -0.0026135445 0.012992287 0.028194517 0.049063053 0.0448433 0.024698012 0.035725944 0.026484635 -0.011983037
pool_3
-0.07389718 -0.044625998 -0.03209752 -0.03209752 -0.03209752 -0.03618288 -0.077028394 -0.061380446 -0.05039954 -0.05039954 -0.05039954 -0.074534416 -0.09026277 -0.09026277 -0.09026277 -0.072623014 -0.072623014 -0.0649786 -0.0649786 -0.0649786 -0.098296165 -0.0622105 -0.03039211 0.013972823 0.02673892 0.028638069 0.028638069 0.028638069 0.015159528 -0.057533085 -0.081685126 -0.06375331 -0.06375331 -0.035834253 -0.033225 -0.033225 -0.033225 -0.03456968 -0.07102615 -0.086093426 -0.086093426 -0.09954655 -0.09954655 -0.09954655 -0.10450697 -0.0827198 -0.0827198 -0.07952958 -0.05849898 -0.049030006 -0.042930245 -0.034196198 -0.034196198 -0.034196198 -0.061709166 -0.07284635 -0.11031479 -0.12840623 -0.14367843 -0.121923804 -0.120395064 -0.106799066 -0.10216665 -0.10216665 -0.09042221 -0.09042221 -0.08006179 -0.026507258 -0.012832224 -0.012832224 -0.012832224 -0.024495304 -0.024495304 -0.03060019 -0.03359586 -0.06227219 -0.06227219 -0.07033861 -0.10626328 -0.14942354 -0.12041712 -0.060164094 -0.023865342 -0.023865342 -0.023865342 -0.039171875 -0.013448119 -0.0045757294 0.0006161253 0.0006161253 0.012992287 0.028194517 0.049063053 0.049063053 0.049063053 0.0448433 0.035725944 0.035725944 0.026484635 0.0022691884
pool_nonlin_4
-0.07389718 -0.044625998 -0.03209752 -0.03209752 -0.03209752 -0.03618288 -0.077028394 -0.061380446 -0.05039954 -0.05039954 -0.05039954 -0.074534416 -0.09026277 -0.09026277 -0.09026277 -0.072623014 -0.072623014 -0.0649786 -0.0649786 -0.0649786 -0.098296165 -0.0622105 -0.03039211 0.013972823 0.02673892 0.028638069 0.028638069 0.028638069 0.015159528 -0.057533085 -0.081685126 -0.06375331 -0.06375331 -0.035834253 -0.033225 -0.033225 -0.033225 -0.03456968 -0.07102615 -0.086093426 -0.086093426 -0.09954655 -0.09954655 -0.09954655 -0.10450697 -0.0827198 -0.0827198 -0.07952958 -0.05849898 -0.049030006 -0.042930245 -0.034196198 -0.034196198 -0.034196198 -0.061709166 -0.07284635 -0.11031479 -0.12840623 -0.14367843 -0.121923804 -0.120395064 -0.106799066 -0.10216665 -0.10216665 -0.09042221 -0.09042221 -0.08006179 -0.026507258 -0.012832224 -0.012832224 -0.012832224 -0.024495304 -0.024495304 -0.03060019 -0.03359586 -0.06227219 -0.06227219 -0.07033861 -0.10626328 -0.14942354 -0.12041712 -0.060164094 -0.023865342 -0.023865342 -0.023865342 -0.039171875 -0.013448119 -0.0045757294 0.0006161253 0.0006161253 0.012992287 0.028194517 0.049063053 0.049063053 0.049063053 0.0448433 0.035725944 0.035725944 0.026484635 0.0022691884
conv_classifier